# Unit cell size:
2.866 	2.866 	2.866 
# Unit cell vectors: 
1.0 0.0 0.0 
0.0 1.0 0.0 
0.0 0.0 1.0 
# Atoms num, id cx cy cz mat lc hc 
2
0	0	0	0	0	0	0
1	0.5	0.5	0	0	0	0
#Interactions n exctype, id i j dx dy   dz        Jij
14	1

0	0	1	0	0	0	4.5e-21	4.5e-21	4.5228630e-21
1	0	1	-1	0	0	4.5e-21	4.5e-21	4.5228630e-21
2	0	1	-1	-1	0	4.5e-21	4.5e-21	4.5228630e-21
3	0	1	0	-1	0	4.5e-21	4.5e-21	4.5228630e-21
4	1	0	0	0	0	4.5e-21	4.5e-21	4.5228630e-21
5	1	0	0	1	0	4.5e-21	4.5e-21	4.5228630e-21
6	1	0	1	0	0	4.5e-21	4.5e-21	4.5228630e-21
7	1	0	1	1	0	4.5e-21	4.5e-21	4.5228630e-21